438.44
145.59
447.49
139.74
451.97
129.89
451.66
217.40
203.57
301.48
175.21
125.12
230.72
419.46
238.07
439.64
421.23
320.34
427.15
407.21
343.90
115.94
204.08
219.39
424.43
185.06
217.76
247.27
192.48
421.22
319.20
327.30
328.39
192.81
235.74
241.34
341.58
125.47
405.98
333.39
119.14
205.63
240.87
333.64
114.86
119.08
432.96
186.94
322.08
295.43
412.39
361.76
163.26
418.20
359.91
353.50
432.19
317.54
114.57
427.09
116.07
228.09
273.00
184.17
423.29
342.43
308.99
412.32
434.26
434.37
292.91
279.46
123.67
449.80
241.87
391.11
142.94
341.00
330.51
212.30
245.61
244.52
244.53
148.20
282.78
426.56
193.73
264.15
182.48
297.66
201.26
303.64
392.44
179.89
321.59
313.72
352.39
223.08
337.21
330.45
802.03
1562.64
831.82
1697.72
1269.04
613.01
1458.92
1526.76
755.69
1444.45
746.94
1544.10
1485.10
1575.19
1553.93
1507.40
818.22
733.96
1292.20
767.16
1678.76
1622.73
920.27
1170.31
793.03
1631.30
773.30
521.90
591.60
811.57
1517.51
978.53
1031.19
759.34
1438.76
753.22
1177.85
1400.54
1515.92
895.46
732.40
1079.80
1147.95
812.38
1024.37
1408.89
1637.84
1592.36
869.34
1504.19
862.42
1573.25
1060.18
1514.38
1412.56
1019.25
1225.53
1265.11
770.70
734.01
1347.40
609.99
1149.74
923.13
1522.31
1381.57
745.21
562.40
1672.02
483.22
727.89
912.90
815.95
1264.95
1390.23
1392.99
1583.33
722.59
666.31
813.14
1555.56
1347.67
1066.35
1684.80
1039.32
1081.53
829.70
872.01
955.52
1515.61
1571.24
1282.92
966.13
568.67
493.95
1163.25
983.31
685.33
706.11
878.01
1932.70
1594.36
1643.76
1033.01
1571.33
2081.38
1147.22
975.02
1175.68
1705.91
1579.10
1342.95
1589.58
1116.65
1730.82
1749.13
1551.07
1141.06
1860.60
1567.91
1076.41
1413.46
1937.03
1746.60
1785.67
629.27
1357.79
1810.87
1054.77
1667.74
663.17
1562.36
1096.21
631.90
1030.32
1765.00
1108.58
1657.72
1663.57
1610.56
1154.38
1568.58
744.72
1591.30
1719.16
1838.38
1983.79
1823.27
1616.95
1847.78
1275.44
1143.68
1917.74
1595.33
1882.83
1092.74
1522.99
921.60
1526.00
1241.00
1526.77
701.48
1879.50
1262.07
1572.73
1775.22
1749.92
1259.79
1488.14
1912.70
1657.01
1800.69
1518.54
1116.59
963.89
939.22
1883.29
1429.07
1596.69
952.50
1980.49
1163.07
1545.40
1947.28
1574.84
1912.59
1810.66
725.57
1677.11
1144.33
1985.68
1879.20
2011.58
1948.06
1059.30
1504.50
1000.74
838.00
1643.55
1694.44
1413.38
990.84
1327.20
834.33
1367.96
814.57
951.11
1441.12
1400.86
1530.03
979.18
1277.32
1141.77
1181.20
1219.96
904.14
1020.57
634.98
1117.91
1002.47
1521.45
845.88
756.52
1463.69
1536.77
1073.49
1240.97
1614.12
1127.34
975.42
587.08
665.76
652.42
1943.38
1358.45
800.90
742.19
573.25
959.29
1039.08
695.34
859.04
1318.04
1388.41
947.79
1078.07
1400.04
651.69
932.66
1139.48
1750.10
1023.11
651.07
1134.68
646.56
702.91
1360.18
1430.72
605.89
678.79
723.15
1115.05
1829.75
1409.39
618.67
1658.31
1471.74
805.37
708.99
1102.79
1033.35
1079.91
1436.66
1345.66
1368.04
1108.65
1395.03
618.37
737.32
1257.84
770.89
978.24
1321.99
546.19
1238.35
744.76
1924.19
532.98
912.03
1359.56
657.88
972.40
669.64
1365.44
1785.95
1131.15
1418.84
812.67
1111.89
1656.59
903.97
311.36
811.70
897.97
509.75
305.02
704.97
810.81
561.48
775.98
499.85
588.28
718.45
909.89
684.13
513.03
1048.13
472.79
969.57
451.85
782.30
308.00
723.54
830.37
617.73
611.78
927.19
463.53
461.09
999.65
457.91
608.56
677.24
709.63
469.32
998.53
807.75
573.55
762.90
554.31
920.81
873.23
351.44
168.50
506.38
993.27
507.99
505.60
946.77
528.71
308.22
310.48
350.54
685.27
1179.07
680.27
876.48
768.56
459.10
768.94
847.07
785.29
865.37
803.79
1232.59
503.22
892.94
1131.37
1199.70
330.18
754.06
969.23
1184.43
1055.64
745.38
786.12
1088.59
1099.97
867.18
426.38
430.08
724.65
315.09
348.65
779.99
662.23
1186.43
861.03
726.24
1126.74
517.79
578.22
452.90
751.79
404.33
332.13
1077.87
881.83
788.74
777.70
969.40
852.53
627.61
289.99
1017.45
179.48
776.00
602.50
861.60
592.32
854.50
719.60
635.87
446.83
308.27
795.19
750.89
1231.79
853.88
465.47
994.91
759.55
1231.45
442.72
621.96
460.83
606.37
751.29
864.70
383.17
652.07
945.53
752.58
648.27
319.37
761.02
1030.46
343.96
1123.38
600.07
804.95
1035.16
821.91
285.10
471.41
430.83
1205.25
1124.38
411.77
771.47
1504.20
1139.74
1316.86
1408.91
1252.02
488.17
684.79
750.35
1101.99
1431.62
771.13
1449.14
906.92
667.06
1465.37
688.39
719.57
572.11
943.58
1351.31
617.89
616.03
899.76
1487.86
1237.82
698.76
1478.34
682.55
1249.53
659.74
635.71
1112.08
603.08
571.62
754.85
1523.06
1326.46
938.80
1094.83
1219.33
1498.46
879.93
1067.61
1510.74
743.81
573.44
1457.16
1214.79
872.34
1351.55
1439.94
756.24
1567.76
1428.65
551.23
1446.52
860.89
595.43
795.29
1529.06
848.00
1125.45
1194.95
1543.26
1451.59
817.62
1072.68
1390.94
1394.87
665.66
1509.26
463.07
1409.12
488.18
878.94
1384.12
1290.92
735.90
1466.63
996.03
880.74
601.57
718.77
1492.78
869.17
659.01
1519.00
1440.75
797.61
1538.81
526.07
1096.33
731.11
1004.34
973.26
1171.80
646.42
1275.46
1477.88
770.31
1818.39
1996.80
1975.67
1887.97
1845.55
2007.22
1994.70
2019.42
2064.91
1963.32
2012.40
2040.71
1777.81
1985.14
1856.54
1960.13
1803.38
2001.78
1880.27
1883.45
1832.44
1798.30
2016.29
1936.17
2019.28
1858.84
1949.29
2080.07
1800.15
2051.04
1826.54
1913.15
2025.00
2005.24
2093.60
1792.27
1818.82
1992.50
1919.18
1808.29
1832.64
2008.28
1996.82
1819.72
1817.32
1936.11
1880.39
1786.16
2099.23
2076.56
1831.13
1916.95
1882.19
1951.60
2033.80
1821.30
1965.57
2034.83
1863.45
1856.63
1856.72
1890.03
1844.53
1876.21
1952.34
1871.11
2022.76
1845.32
2015.42
1828.80
2118.84
1966.46
1926.57
1986.85
1823.53
2100.88
1889.78
2046.29
1929.39
1859.60
1884.63
1869.01
1825.59
1901.86
920.82
1838.96
1921.07
1879.59
1854.78
2092.60
772.89
2030.65
2053.49
1814.91
1969.20
1833.23
1951.54
2036.51
800.68
1872.32
1336.67
1184.27
948.34
1880.76
1473.72
809.12
1233.38
1335.81
653.63
1292.89
2157.32
1542.94
1859.73
1815.60
1536.21
2052.39
1714.91
1838.26
1771.20
1462.06
1389.74
2156.63
1768.77
1874.48
1522.74
1428.70
1626.04
782.54
1938.39
1506.56
1720.48
1603.00
1856.33
1082.08
1518.44
1989.41
615.37
1854.45
1661.33
383.41
1929.36
2015.58
1141.33
698.56
1340.74
1732.12
1897.51
758.29
1613.58
1439.94
537.11
1447.35
1295.54
2142.95
1591.96
992.61
1506.96
1857.76
1379.49
1884.78
1321.93
1069.77
643.06
157.35
1357.32
1289.77
1179.69
1963.95
1345.05
857.99
1530.43
1387.58
1413.55
523.65
1535.38
1619.24
1529.20
1734.09
698.24
1612.53
1183.71
998.92
1480.62
1909.42
581.44
1732.16
1461.17
1739.65
945.29
1761.70
2121.63
810.34
1412.45
1376.32
1500.29
1700.06
1761.27
1281.52
1039.39
1178.47
1513.93
1835.26
1576.93
1769.47
1907.49
1775.87
1880.78
1826.09
1349.67
1725.26
1359.87
1270.57
1138.49
1457.59
1431.35
1325.37
1590.86
1448.83
1349.87
1610.19
935.49
1579.75
1801.94
1216.59
1236.18
2116.00
1121.05
1699.04
1576.58
1890.05
511.37
1435.73
1350.79
1077.29
623.37
1464.06
1112.41
1159.33
1681.51
1245.12
809.88
1379.98
815.26
1881.66
1082.31
1933.65
1948.81
1127.68
892.51
1758.38
1701.55
1577.17
1964.28
2121.88
1534.26
716.86
1635.39
730.94
1239.60
1803.35
1841.79
781.38
630.61
1368.57
1602.71
1106.23
756.03
1675.40
1539.78
2066.68
1843.91
1898.37
979.57
1951.53
1381.12
1406.26
1689.19
1969.30
1665.44
1677.27
947.30
1830.43
1909.74
1573.94
1609.83
1442.58
565.42
1043.03
760.10
1509.82
1988.34
1903.72
1374.19
1464.83
1072.38
1498.54
1703.02
1730.54
1326.14
1671.67
1517.51
1386.53
1906.06
1545.98
1037.46
1643.86
1409.16
1521.94
1645.91
1987.80
1518.38
1635.97
1724.42
1512.86
1640.00
2183.31
1842.11
2031.06
1521.58
1004.85
1109.52
2170.32
1986.88
1934.34
1394.16
1709.74
871.73
538.06
1450.98
1667.78
1216.01
1051.54
1311.13
1862.56
1923.29
1610.40
1832.39
2037.34
2013.88
1806.43
1576.61
1639.22
1801.81
1521.23
2025.77
1601.70
1310.82
1860.53
1724.83
1902.63
668.97
735.52
1945.32
1538.21
1753.25
2050.76
1626.02
1846.99
1602.45
2002.82
1253.13
1815.24
761.67
1549.50
1647.07
667.98
1316.95
1525.10
988.70
1847.16
1683.26
775.35
1598.70
1776.95
794.73
1279.18
1673.15
1834.74
1878.20
1469.40
994.32
1037.57
940.12
1465.72
1411.07
817.98
730.90
1046.33
1150.89
1792.45
1552.56
1001.74
756.91
1251.31
1135.33
1550.63
603.94
1350.46
1197.52
1791.20
722.78
1367.26
949.31
1910.61
1435.16
1508.61
1745.87
1769.63
724.20
1893.96
1737.14
1071.19
1174.03
1674.28
1596.76
1218.39
1739.37
1789.31
1681.00
1637.51
368.83
1784.41
710.50
1386.02
1354.41
1624.80
1151.05
1613.47
1828.77
949.27
1484.25
1262.79
1791.18
1656.32
1381.92
613.89
1178.35
1968.80
1670.78
850.69
1807.97
1449.62
1177.97
1756.44
1493.92
1438.36
543.73
1051.13
1823.67
1727.95
1010.04
967.46
1904.20
1140.98
1427.29
1760.83
1633.90
1479.46
836.46
1818.73
1722.64
1810.11
1878.13
1489.04
1538.69
1581.53
1903.86
764.93
1711.62
1671.64
1547.17
1396.07
1823.24
829.41
1711.29
1450.69
1882.11
1972.21
1566.11
1681.83
1498.49
1839.94
1687.03
974.65
976.95
1284.34
1273.28
1505.67
1767.14
2083.30
1480.67
1183.13
1269.61
1143.83
1529.60
1245.89
1915.18
1767.83
1767.07
1266.60
1718.02
1641.06
263.96
2056.62
1391.67
1700.48
1617.72
1863.59
1923.33
913.78
613.18
1158.76
717.13
1809.70
690.53
1922.99
474.61
1414.71
1714.86
1535.74
1583.47
1498.95
1275.29
1742.49
1068.79
1624.14
1684.79
1524.65
1942.30
1676.39
730.57
1588.84
620.20
1616.00
1132.67
1816.83
820.06
1505.14
1292.70
974.69
1687.74
874.61
1657.87
1698.94
1639.68
1974.64
1797.43
1494.85
1238.64
1136.07
1709.50
1251.74
1597.51
1416.60
744.76
1129.66
1377.70
1021.76
1814.45
1319.16
2001.19
501.07
1820.45
1471.41
1835.41
1677.61
449.49
781.57
1776.74
598.47
1015.61
1549.63
1476.42
1741.73
1358.81
1801.96
1332.46
1767.69
835.82
1503.49
1543.48
1137.78
1523.40
1601.68
1646.40
465.40
1137.60
786.74
1445.63
1573.16
1035.16
1168.50
891.31
1137.34
1118.00
1561.86
1938.36
1936.52
1988.47
1378.91
1958.05
1761.12
998.68
1223.20
827.56
1113.83
1529.14
1211.73
1818.03
1863.00
1528.41
784.03
1624.79
1200.86
1682.51
1726.18
1971.17
1208.06
1815.58
822.14
1551.86
1290.28
1056.42
1700.44
1401.36
1626.91
1811.66
935.33
1244.73
1538.61
744.26
1593.55
1351.49
892.38
1848.09
1498.45
2135.38
1187.26
544.66
1120.02
1512.98
1910.75
1798.75
1750.60
1394.86
941.85
1680.38
1694.54
1406.80
1471.05
1931.29
1390.28
1611.71
1415.43
1673.92
1828.03
1806.95
1876.93
1277.41
1088.64
1108.82
1459.03
1612.42
992.94
1856.54
1531.22
828.84
1568.38
1952.39
1508.84
1150.59
1015.81
1519.85
1217.39
824.42
1357.99
860.39
1423.03
1285.11
1258.48
1643.54
972.95
1369.62
1287.88
1148.29
1508.86
1673.58
780.54
1710.59
1188.11
526.08
1413.76
952.24
1462.57
1114.29
1636.60
1275.59
1426.11
1343.90
1740.86
1089.16
1626.99
1191.59
1638.31
1942.27
2081.41
1701.83
1181.60
595.83
1774.44
1556.22
1489.93
1364.46
1608.63
1928.32
1536.71
1499.48
1528.86
1060.52
2036.66
1842.09
1877.76
1211.12
1390.56
1599.55
1627.35
1477.99
785.08
1869.03
1497.35
1826.10
1407.03
855.44
1776.47
1823.22
1391.45
1955.01
1541.84
1519.88
765.86
1491.02
2147.20
1459.24
1636.25
1933.65
1687.72
1479.76
1879.26
1489.38
1544.28
1533.09
1548.08
1605.37
2115.34
919.60
752.70
1849.69
1512.57
1308.09
401.27
1378.00
783.35
984.92
1890.94
944.75
1523.30
1730.92
1681.97
1379.33
1879.62
1458.86
1073.18
1517.91
1918.17
1570.15
1665.44
624.74
1374.08
908.62
1563.22
1526.26
1274.46
1478.14
1697.31
1604.27
1229.68
1706.79
1499.03
1643.42
1815.05
1197.02
1912.68
1475.46
1839.07
984.82
1997.17
1634.92
1986.62
1309.82
1105.98
1939.68
1805.47
1550.15
987.67
1394.48
1831.89
1537.76
1612.63
1405.41
421.17
1710.76
1089.61
1375.26
1290.45
2182.62
1296.90
1417.48
1690.27
1043.88
655.32
1363.80
1500.99
1413.20
1563.20
1034.50
1037.10
1506.95
1474.41
1495.75
1457.05
1918.67
1549.43
1196.78
932.30
1496.10
1781.84
1630.08
1438.85
1520.04
667.67
1157.48
1063.98
731.13
1340.37
1671.17
1607.48
1816.69
1268.28
1740.84
930.90
1611.90
1878.82
1113.23
1959.99
1273.71
1901.87
696.37
580.72
1518.72
1103.85
1780.28
1224.36
1836.48
1677.62
1493.99
1621.14
1198.95
921.09
1795.20
1757.13
568.61
1211.91
807.24
1084.05
927.96
1483.36
1519.65
1571.29
1967.57
656.24
904.28
578.94
1413.14
1054.36
1554.13
1035.34
2146.09
1600.48
282.83
1527.93
1267.45
634.78
1200.31
1458.11
900.07
1808.54
678.01
1809.17
880.26
429.00
1496.68
1096.16
1556.43
1552.40
1163.44
1637.68
434.43
606.87
1725.94
1686.32
768.47
876.77
1172.66
1473.79
1463.21
1422.79
1765.10
452.30
1328.54
852.64
1541.90
1669.10
1817.07
1673.33
1486.47
1869.07
1433.40
1945.69
1222.87
1604.80
811.22
1476.01
1404.07
813.55
1612.12
1656.93
1632.03
1720.55
1518.13
1677.60
1489.00
1137.83
1373.71
1230.01
850.60
1738.39
1629.90
1492.06
1445.76
2052.03
1831.86
1742.77
420.89
1172.01
1262.48
2045.26
1568.05
1036.02
1524.72
967.35
1897.65
1717.65
2134.92
1643.14
1524.90
964.15
1993.59
1790.29
414.61
1349.11
916.11
1346.63
1552.31
1518.45
1502.72
1661.67
1468.21
1955.54
1454.18
1120.12
604.96
1632.93
809.96
1470.37
1520.93
1054.37
595.61
856.35
1359.93
1145.51
1614.58
1055.40
1798.92
1734.37
699.70
1527.66
1490.01
1408.63
1343.32
1325.34
1782.61
1543.99
1904.86
2074.47
1872.26
1642.97
1404.37
1128.31
1458.15
1504.09
1746.75
1738.49
576.04
1831.77
1909.88
1884.81
1748.10
1314.79
1367.82
1145.64
1211.28
1777.41
689.70
300.85
966.82
570.00
1300.44
1031.05
929.43
673.01
945.28
1624.63
1446.42
586.69
1254.61
1834.85
902.91
1847.90
1878.39
1513.42
1738.78
394.44
1489.35
1434.62
933.89
1289.90
1465.98
1204.93
1916.22
441.99
1567.77
710.92
2147.23
1243.32
1992.86
1152.58
1438.03
1281.60
1657.13
720.43
1411.36
468.15
1439.64
1725.34
1879.81
560.41
1689.02
694.46
1053.25
1009.58
1171.87
1696.49
1396.47
1538.03
1542.47
893.96
614.77
1204.53
1921.21
1833.05
1130.51
2064.10
1908.66
1651.02
1024.49
1590.54
1488.33
801.57
1674.12
1135.30
1684.33
1365.86
1462.87
1666.34
1540.47
1423.60
1676.96
1761.34
1616.57
1484.11
1215.11
1600.06
1817.51
1058.06
1708.05
1151.44
877.90
1718.23
1603.81
1930.52
1000.82
1128.39
1180.20
1123.78
1851.73
1250.93
1980.16
584.35
1347.16
1482.87
1387.50
1488.26
1806.27
1972.54
1593.68
1231.52
1309.01
1740.32
2051.82
488.50
2000.96
798.39
1005.17
1757.31
1027.51
1493.47
575.33
1891.36
1526.44
1938.34
1991.02
1248.55
1681.32
1535.10
1991.01
1644.31
1471.43
905.84
899.61
1614.19
813.15
1734.50
1449.82
1353.10
2174.18
1613.33
1622.63
1544.69
1103.56
1773.59
1753.57
1907.07
576.24
1030.26
1019.71
1508.07
1828.95
1711.88
1500.21
1914.49
1659.85
1508.99
1646.09
1758.76
1523.57
1956.00
1009.00
1404.21
921.53
1709.38
736.20
1735.88
641.84
1338.31
829.92
1216.42
1260.76
1213.57
517.67
1434.35
1388.74
1661.23
1157.01
750.15
1107.92
1631.43
506.87
702.80
1631.93
1743.93
1311.32
1796.46
1663.21
1741.10
1661.15
1675.23
1702.49
1363.25
1797.08
1603.96
1271.42
733.13
1089.43
1134.02
1532.66
571.24
1537.51
1928.01
1713.19
1388.17
1505.09
971.24
1737.82
2139.47
1490.58
1181.17
1817.25
1190.40
1363.76
1539.83
1594.63
968.71
1148.85
1904.71
1811.42
1971.21
1450.28
1632.96
1800.72
1710.66
1940.08
1754.37
1721.07
1720.66
1378.95
1810.03
1433.58
1627.17
1379.68
1503.70
1535.87
1496.83
817.83
652.71
1700.06
1613.05
1194.29
1115.39
1080.59
1518.01
1265.19
592.78
733.07
1541.71
1734.36
1564.05
1509.04
1961.77
1915.08
2018.96
1240.07
1541.03
974.37
1381.95
991.23
1811.18
647.17
1672.71
1093.81
1713.24
794.78
1394.96
1609.22
1024.83
1530.24
1746.44
573.25
1394.83
1225.72
1492.59
1461.89
1595.30
785.55
1408.52
1608.31
211.38
788.07
1988.86
1543.01
853.67
1158.78
1837.70
696.12
720.19
1858.57
1728.65
1722.99
1851.56
1869.37
1312.29
1597.51
1266.11
1831.74
1669.43
1621.23
1660.62
2073.84
599.14
1780.69
1395.32
1587.00
1540.09
848.81
1286.04
1566.86
1493.92
821.15
1434.61
1907.85
1508.78
932.90
1529.11
1372.03
1623.91
1868.71
1874.50
622.95
215.18
859.07
1704.60
1769.64
738.42
1619.56
1555.64
1806.72
1683.54
1773.70
601.12
1876.28
1854.77
1587.92
1666.68
1959.04
1442.09
1890.60
1497.82
1202.38
1434.38
924.26
1645.60
1539.30
1786.62
1186.79
1565.30
293.72
1884.88
1436.30
1409.67
532.01
873.73
1875.27
1577.71
1742.15
1014.37
1848.16
1408.87
846.69
1904.64
1343.79
950.01
740.84
1238.97
1870.13
1949.24
1410.10
607.87
1217.89
1098.37
995.51
1687.60
1219.01
1362.56
1331.85
1496.75
1419.65
1874.29
853.76
1447.63
1862.53
1644.51
390.53
1902.39
1494.73
2109.90
1755.69
887.76
1089.14
593.78
1738.55
1686.56
786.20
1107.06
1754.82
609.08
1103.49
865.82
1696.15
1546.38
2137.22
926.92
1172.59
1219.79
1562.30
1884.40
669.80
1879.14
1391.09
1464.89
748.62
1681.74
1521.78
1902.02
1774.80
690.81
1637.64
1145.33
1877.94
1453.02
1670.27
1694.43
757.53
1134.65
1007.01
951.21
1496.76
1504.09
1732.52
1478.76
1399.94
1561.18
1281.32
1404.84
1486.45
2015.78
1122.62
1869.57
1589.02
1685.52
1488.65
1069.89
1482.09
1965.02
1701.04
910.56
1617.10
1514.86
2081.26
1661.89
1727.95
1759.27
1414.22
1508.34
1645.48
1798.93
1101.32
1565.73
856.88
1752.00
1853.05
481.64
1621.06
1897.73
1830.58
1510.23
1398.21
770.58
1197.80
1782.87
1139.09
1766.53
1223.36
801.04
1540.21
1539.97
1426.38
1838.55
1197.86
425.85
911.85
1774.87
2032.41
1772.33
1651.43
1992.04
1331.98
1564.94
1706.05
1606.13
1348.18
1480.99
1474.83
1662.02
1079.83
1617.55
1512.47
1137.40
928.13
678.57
1872.66
1247.48
1494.91
860.65
1104.04
1482.58
1588.14
1056.39
1328.22
1745.34
755.58
1897.99
1010.75
785.94
1729.17
1039.57
1739.95
1924.07
1079.07
1798.40
1990.74
1890.70
742.17
411.04
944.46
1556.25
1799.70
584.35
1814.97
1827.72
1264.91
1630.95
908.37
697.86
1720.24
824.84
150.90
1301.87
1863.37
1688.90
1613.62
1927.82
1723.91
2035.37
1645.78
1429.76
1290.38
1698.49
874.78
1518.52
1507.06
1810.67
1283.07
1645.91
1226.92
1600.40
1578.03
1461.16
1430.37
1251.48
1833.69
1077.20
1772.02
2075.82
736.74
1898.98
142.61
1919.24
1347.92
1713.39
1776.44
1044.91
1873.41
1980.40
1652.34
1626.64
639.42
1532.13
1766.48
1619.32
1424.99
1755.61
1110.73
1916.05
1646.98
1268.35
250.31
1893.01
455.67
309.65
1302.35
931.96
1805.15
1788.05
1495.37
1868.94
1574.01
1488.23
1516.68
1125.99
832.96
1766.52
1207.61
1583.24
1406.73
1481.97
1661.46
1639.57
1576.56
685.02
501.53
1471.30
1874.39
973.37
661.35
1218.89
1110.43
1335.81
1024.78
1647.63
1574.17
1786.42
831.72
1874.41
793.71
1962.80
1947.48
1488.94
1222.04
1505.00
879.45
2000.71
1278.28
944.02
1644.18
979.23
909.90
575.49
946.82
528.82
1960.89
1899.14
1642.80
1358.57
1138.83
567.23
1554.12
1770.72
1119.50
431.33
1665.22
1641.76
549.01
1399.29
796.96
972.14
1243.01
2043.71
863.25
462.53
1260.98
1896.26
1525.11
1910.56
1907.66
1305.40
1655.08
1907.11
1287.79
895.10
1056.12
1780.09
1340.36
1605.52
969.50
1650.41
2046.11
1702.21
1125.65
1868.78
1930.18
1372.90
1710.36
1485.94
1016.32
1898.06
1358.94
1281.28
1532.83
1717.53
1498.39
529.20
1550.18
826.14
994.30
222.05
1656.17
1847.20
1789.10
1188.50
1299.14
1730.45
1944.42
1655.79
1205.27
1472.90
644.23
1844.65
1810.26
1124.84
1803.59
1255.38
1732.30
1921.65
1628.44
713.92
963.55
1500.63
1842.60
1559.18
1199.43
552.59
1352.93
1137.51
1838.29
1540.21
1814.29
1547.36
983.03
1914.15
1488.58
1648.01
1020.18
1566.57
1061.10
944.98
1484.35
1652.01
1547.67
1521.35
1852.87
1201.25
786.20
960.81
1723.26
1644.08
1748.69
1396.30
1248.23
1320.77
678.47
1981.68
1129.24
1973.00
996.09
1667.97
582.62
1444.44
1225.55
960.79
418.14
1694.15
1734.13
675.11
1192.88
2017.66
1898.25
1164.24
1850.89
1520.46
1572.66
1664.60
1520.52
2099.01
999.39
705.39
1996.10
1647.10
1561.17
1898.84
2203.89
1506.01
1648.09
1613.38
1420.59
1171.57
1257.02
1277.00
1689.80
1487.53
1971.87
1521.61
1603.55
1636.20
1641.84
919.23
1858.80
1048.80
1425.64
1422.22
1692.47
2033.02
582.12
1098.76
1416.02
1996.85
1742.03
1074.12
1902.82
1670.99
1672.50
1813.61
929.81
915.76
1784.54
341.44
1872.03
1934.97
1886.60
1738.84
1479.97
1534.44
1509.51
1798.99
248.85
1634.56
1141.40
1188.36
1873.19
1230.23
1269.26
1488.26
1636.11
1653.86
1500.56
1600.56
1441.88
1837.38
896.80
1346.51
1180.40
1155.83
717.68
690.39
876.96
1638.32
575.84
1554.52
840.57
1513.66
1878.69
1872.40
1511.25
1894.44
1519.32
1353.70
1672.94
1892.67
1133.09
538.90
1154.49
1767.64
1616.84
1860.00
1970.36
677.46
485.39
1771.25
1113.61
1810.57
951.76
1839.56
1144.80
1611.92
1231.31
1140.08
1345.91
1446.01
1909.71
1181.08
2005.84
1514.60
1488.22
1643.92
1687.90
1914.63
1746.51
1573.14
1346.26
2085.22
1142.67
767.86
1647.65
1305.97
1613.61
864.63
1259.07
1252.38
1655.29
1630.96
1989.09
1284.34
1465.65
1607.12
521.63
1689.95
1579.58
1862.69
1913.16
561.44
591.90
1659.00
1868.31
1167.92
1871.80
830.24
1142.56
1400.22
752.84
2097.50
1425.89
1093.38
1871.47
845.19
1505.77
1008.83
813.90
1501.69
1583.15
1826.55
1505.14
1722.11
1628.17
1100.55
1879.96
1628.53
1492.03
1871.00
324.11
1720.87
1332.74
1666.17
588.40
721.65
1885.13
1854.74
1322.49
988.87
1584.34
1865.45
1707.36
1308.45
1682.16
1675.18
1227.15
1676.94
1644.94
1517.56
1109.85
1306.32
898.13
1798.27
2044.62
1587.40
1942.86
2155.33
1849.67
1559.87
1708.34
710.07
877.86
1517.80
788.86
1512.76
1452.89
1908.78
1093.72
1841.05
1665.31
1612.73
1741.98
1580.73
1820.24
163.60
1005.88
682.06
1452.77
765.70
1935.20
736.33
2113.16
1670.39
1307.29
1119.49
461.54
914.89
1658.61
1494.94
1645.97
981.69
891.12
1436.18
1305.71
1638.50
954.53
909.91
1593.76
1521.93
1930.08
905.01
1372.37
508.36
753.85
1785.65
1430.16
1841.71
1532.23
1595.83
1528.82
1837.13
843.97
1168.75
1893.07
1525.44
1573.02
614.07
1518.83
1759.37
379.06
1891.80
1889.29
1111.59
1503.11
1026.82
1756.99
1190.28
1494.57
1517.24
1542.57
678.47
1730.38
1667.98
1622.14
954.16
1041.48
1931.48
623.25
1781.61
1915.34
882.00
1482.47
2003.46
1567.50
794.48
1804.62
1167.91
1225.48
1431.14
1815.84
992.30
1334.72
1978.44
1622.62
1224.06
1630.08
1748.53
1347.80
1060.94
1539.72
1138.79
788.14
1260.57
1469.13
401.85
1619.91
456.99
1531.34
1224.58
1735.27
1703.07
1860.60
1478.27
1573.08
410.74
897.12
1540.10
1880.62
1172.44
1636.29
1890.89
580.43
1438.57
1541.12
1180.75
1585.74
443.72
2230.57
1431.61
977.01
772.85
601.13
1890.12
1419.82
1450.12
1942.47
1763.40
1319.04
1610.91
1526.25
1027.09
1868.72
1657.26
1610.26
1689.02
1497.84
2031.58
1522.51
1705.61
1007.68
905.92
1710.12
1854.04
1451.91
985.74
2064.55
1475.41
1727.19
1601.71
1662.98
1511.68
1186.38
1565.86
1339.38
1925.98
1208.41
1760.31
1714.74
1624.21
2154.13
1349.56
1473.84
1630.57
1613.62
1449.75
894.49
1123.40
1676.08
1506.83
1835.42
1616.66
1281.92
952.51
1154.31
1024.26
1916.28
1562.22
1234.60
1826.38
1451.26
1731.04
1989.28
1884.20
1604.54
1627.05
1705.98
1186.56
514.50
1641.11
1987.38
1819.37
1773.37
2229.18
1735.74
1825.60
1277.19
1048.66
1290.22
1739.02
1602.32
1614.32
1206.08
1647.82
1636.59
944.63
1834.32
1432.25
1940.84
2170.79
1257.04
870.23
1618.13
1840.32
1806.32
1714.57
1089.05
2011.72
1838.66
1917.66
1453.59
1607.67
1957.74
444.66
661.77
1437.60
876.17
1463.59
1169.48
1720.13
1086.13
1166.98
1202.71
1204.08
1711.78
1676.31
1359.80
1179.68
1710.94
693.26
1560.49
989.12
1948.90
1514.27
1505.43
1331.97
1479.13
1742.75
1335.35
1175.40
418.27
962.00
1587.77
869.90
1470.73
1595.70
1613.33
2042.65
1889.32
1720.67
1616.91
1704.57
1464.52
1897.40
1527.42
1619.14
1840.37
1935.30
1445.85
1695.62
1590.07
1548.26
1831.54
1034.86
1305.66
2073.73
2028.26
1463.78
961.73
1690.37
2016.82
1533.17
1637.14
760.30
1945.92
890.33
1717.76
700.17
1257.57
1618.52
731.79
1545.36
659.68
1891.68
1795.67
1657.48
1179.02
1076.40
1371.81
1896.88
1793.54
1510.92
1767.57
1336.50
917.80
1665.05
1225.48
1590.10
1216.98
1530.20
1836.01
1924.75
2007.09
1524.42
902.73
1867.77
1170.73
1709.26
1365.45
1752.44
1225.61
998.14
1207.69
1670.53
1484.85
1551.00
1077.75
1695.72
1616.85
1799.10
1991.55
1810.65
444.13
1401.12
1125.73
1421.91
2154.02
838.78
1618.22
1903.10
1129.40
1320.92
1839.59
1775.54
1556.71
1677.85
598.36
855.47
1237.07
1619.49
1594.88
1640.11
1614.79
1650.23
1521.29
1575.65
790.96
1707.45
1835.53
1919.82
1928.58
1812.48
1536.74
891.61
990.76
1688.29
866.35
1481.40
1519.59
1576.11
915.79
1783.49
1972.04
1012.56
680.65
927.23
969.47
1730.91
1316.64
1775.57
1847.92
1581.39
952.08
1488.86
959.83
1403.44
1604.31
1191.02
1666.16
1538.32
967.33
897.30
1485.99
1008.03
1886.16
1285.64
1268.46
1705.00
1492.98
827.17
1186.44
1539.13
930.86
619.61
703.28
451.81
1372.70
1802.59
676.35
1605.68
1593.55
1685.21
1511.05
1879.25
1927.09
865.33
1462.87
2117.28
1572.13
1738.81
1327.92
1378.79
1707.75
1355.38
1325.40
1036.45
1598.03
1707.26
1503.21
1166.69
1656.62
760.87
1109.18
1007.16
1646.48
1053.70
1382.47
848.65
924.76
1443.21
1031.84
933.27
422.22
1725.09
925.61
861.74
1905.18
767.63
2060.53
1341.16
1613.39
1812.34
1457.14
844.11
1813.33
1871.85
1806.26
662.32
1004.35
1074.07
1689.31
580.91
1494.64
1732.86
1494.75
1909.51
1129.85
1056.20
1762.35
1526.33
1960.41
2013.81
1511.37
1696.46
1756.82
711.89
1586.03
1007.08
1706.91
1026.55
273.17
867.36
1297.63
1744.81
1876.52
951.05
1548.08
1381.85
789.53
1411.00
1682.11
1559.56
1608.13
1838.47
843.91
1630.31
793.29
1776.43
1109.74
1239.84
1078.60
2028.22
1344.82
1297.24
1939.72
1687.91
1222.95
1862.03
1689.42
1560.98
2007.60
1745.00
1113.90
1532.05
1437.89
1651.73
1191.78
1734.98
1164.53
1634.93
1708.88
1903.41
1867.83
2194.41
2133.67
730.18
1486.24
1864.84
1573.02
726.85
778.81
1148.11
2002.93
1365.91
1438.10
1772.08
905.05
1631.42
1554.38
1744.83
515.19
1021.40
1713.35
1732.71
898.35
1135.33
1927.32
1715.67
1792.05
1868.64
1346.38
366.87
1932.54
1429.56
1205.63
2181.46
1451.97
727.05
1250.34
1600.58
1742.52
1862.41
1809.78
913.62
1627.95
1325.87
1756.00
1898.88
1433.19
1748.90
1398.76
1813.67
801.59
796.93
1171.47
1451.44
1723.21
1063.59
1911.16
1274.57
1469.95
1474.86
1451.79
527.70
1209.69
1944.02
1896.95
1244.19
854.87
1085.43
1493.18
2067.71
867.22
1818.82
1404.64
2071.78
1501.27
1967.80
703.00
1625.46
1418.84
1103.00
1484.25
1133.01
1002.65
1582.67
1221.34
736.45
1595.22
1570.99
1703.16
1468.82
1527.58
1369.31
2230.13
1533.83
1468.17
1106.33
1189.38
1847.82
1600.12
1584.11
765.34
1445.20
1830.48
1646.68
1844.09
2025.54
869.92
1569.99
1749.72
1679.33
925.71
1933.43
638.38
1526.16
1619.26
1548.23
1239.50
814.70
1188.55
1760.35
1011.87
1593.32
759.26
1517.43
1768.77
1269.94
850.40
1597.09
1637.28
1771.78
420.61
1294.28
1117.77
1775.11
1852.59
487.66
1273.15
1361.02
1704.57
1910.62
1297.77
1870.97
1837.94
1050.33
1544.38
1967.91
1586.18
1628.00
1460.79
823.54
1883.91
1438.00
1283.11
1445.44
1835.91
1397.53
532.45
1400.87
1889.77
709.42
1458.43
1614.50
1409.64
1492.99
896.87
775.71
1723.97
1677.07
1255.38
1169.62
1898.46
576.23
1862.44
613.86
1570.61
802.95
1217.46
1400.93
814.83
907.23
1489.39
738.03
1860.65
1384.16
1297.99
1897.77
1325.11
1508.26
1561.28
1362.29
1378.44
1381.53
1443.79
1639.93
933.73
728.54
893.79
556.16
2054.91
1718.11
1284.37
1242.86
481.57
1151.03
1413.78
1439.78
1192.11
2191.23
1314.21
1379.94
1598.05
1826.74
1810.57
1632.92
1752.20
1391.54
1763.01
1888.38
1451.48
1608.90
1599.76
776.33
1713.05
1303.84
1069.19
1852.65
1975.86
1862.08
1200.12
1710.67
856.73
880.74
1855.57
1253.75
1703.58
459.96
1393.51
1811.30
740.77
1607.49
1721.45
1912.62
243.50
1381.43
2005.90
1979.64
774.53
1327.54
1606.35
1891.07
1724.79
1970.19
1401.58
1519.45
745.28
1525.96
1084.35
737.08
1459.75
166.20
1905.76
695.79
702.25
1522.29
1316.32
2109.33
1309.41
1940.79
1947.76
889.83
1965.11
1660.85
2029.19
753.45
665.56
1621.03
1652.54
1612.36
593.97
1705.61
2173.46
1132.95
1147.27
700.12
1768.66
1872.02
1663.72
2044.90
1637.38
1547.34
560.96
1135.09
1764.28
2014.87
1753.07
1866.31
800.62
1626.29
1452.22
1934.60
1322.36
1360.75
1630.85
1177.16
808.37
1842.98
1380.79
1513.25
1882.49
1372.33
1292.26
1499.93
1990.31
824.84
890.79
1957.43
1763.67
634.06
1591.67
1549.00
1533.28
1841.69
1836.23
1427.78
887.25
1699.55
1499.80
622.19
786.11
1472.68
958.22
1476.67
1339.84
1542.02
1899.57
1686.80
1009.75
1678.54
1642.63
1198.05
1361.18
1847.04
1757.68
1666.18
1744.26
1548.53
1967.59
1665.52
1882.41
1838.84
1198.76
1439.89
1598.41
1250.93
1738.73
1730.26
1880.14
1512.09
1698.91
2034.72
585.43
1327.65
671.40
1730.51
1681.11
1632.37
1398.24
717.23
1372.68
1434.92
1445.12
1226.27
1814.97
1935.17
1222.52
1959.92
697.39
1600.79
954.03
1617.67
1171.29
1124.24
1645.35
1515.08
1163.22
690.29
1481.62
1473.96
1494.77
1845.25
1718.39
1497.49
1790.05
1761.50
1522.94
1552.01
1394.56
1250.62
1495.96
2043.46
954.21
976.53
1905.98
685.15
1863.58
1580.57
1508.61
1383.83
1744.77
1441.27
1872.50
1792.61
1060.86
1758.57
1120.07
742.30
1399.75
957.49
1830.83
1898.60
1539.84
1480.58
1648.73
297.11
1633.24
1217.22
1236.89
1739.61
1109.13
795.37
1701.35
917.57
1342.12
1762.84
728.27
1541.79
661.24
738.55
1451.35
1741.24
1208.14
616.00
1631.38
817.11
1958.52
1668.55
1635.12
1637.70
1461.40
1502.31
766.18
1767.01
1865.34
782.24
698.95
856.46
1721.75
1841.56
1122.75
2009.29
1353.60
1226.91
1956.98
1334.57
1957.67
804.66
1423.63
1568.60
961.18
1860.38
1308.16
1173.69
1732.75
1334.82
984.74
1805.93
2039.13
1554.63
1624.02
1160.48
1126.15
1341.00
1606.68
1312.82
1982.22
1673.07
1357.43
1222.97
889.22
1779.31
1615.31
1355.04
1469.34
1889.92
2169.38
724.69
1806.79
1650.37
809.63
305.67
1595.69
1386.47
1352.62
1104.20
850.82
1607.35
1734.71
1518.77
1716.59
1645.43
1446.14
1031.58
1637.55
1040.73
1147.07
1566.48
1135.46
1029.72
725.46
1002.49
1841.60
2034.03
1744.58
1892.82
1208.84
1722.52
1628.79
1269.77
1353.66
2007.14
1227.04
1655.19
1672.15
2043.00
1580.32
1404.42
1541.28
1919.73
958.30
879.18
1425.27
1600.08
990.34
1004.84
1224.00
1248.44
1804.92
1449.91
1330.21
1810.00
1622.65
1635.53
279.16
378.91
1958.64
1669.59
976.80
1884.09
848.53
1060.33
694.67
1645.94
1212.07
1990.12
856.87
1592.97
1450.68
692.27
1881.21
1178.57
684.37
1284.81
1760.27
1638.44
1286.04
1921.24
1498.84
646.75
1848.73
2031.12
1432.97
2085.49
1282.56
2157.47
1248.17
1793.94
981.15
1440.97
808.63
1206.40
1648.58
1483.45
1325.09
1561.62
722.33
806.76
1525.05
1231.84
1945.32
1952.33
1601.35
751.37
1299.13
1089.05
828.55
1699.83
951.59
1499.40
1425.73
1443.86
1418.98
1709.54
947.70
977.50
1808.90
1352.95
1951.81
1052.19
908.21
1825.60
1021.35
1351.50
1670.69
1655.75
1302.55
218.13
1846.75
1324.31
1976.93
1386.55
1555.38
1277.57
2004.16
1747.28
1723.74
1644.67
1789.79
751.13
1932.07
1511.15
1532.61
1774.93
1772.65
1487.61
1391.26
1890.07
1763.60
1143.67
1739.18
1380.50
890.69
863.10
1515.10
2002.88
1155.26
59.25
1664.63
747.73
1575.75
1372.71
1109.07
1597.48
1514.46
1628.79
999.08
1705.46
1173.78
1122.40
1120.71
1499.96
1556.20
1574.75
382.44
1306.36
880.58
1814.57
1252.99
1637.17
1191.76
2124.29
1858.40
1220.19
1871.67
1222.68
708.52
1528.78
1203.06
1460.88
1561.85
1323.01
674.31
1617.62
1420.54
951.28
1978.92
1279.82
1799.57
1084.25
1493.29
1157.35
1928.60
1527.93
1929.14
1589.24
1674.27
953.60
927.93
1656.78
760.43
1417.15
1090.71
1202.04
1136.54
1939.21
1777.26
1558.32
1152.45
1010.06
1628.65
2131.87
1797.74
601.44
1239.75
1067.58
1611.50
1495.52
1651.19
1663.78
1509.23
257.52
1524.17
1796.04
1472.08
1645.18
1008.35
1911.69
1856.19
1078.15
537.72
2124.25
1127.19
1732.20
1700.50
1425.82
1951.75
1283.46
1739.54
1769.44
475.08
1333.66
276.61
1754.54
870.87
906.95
1823.65
1992.62
796.64
1492.33
1598.51
2021.30
1825.31
291.29
1603.28
1070.83
1912.68
1336.85
1989.11
1912.21
2003.31
1462.86
1705.58
1191.51
1483.38
693.66
1693.13
1499.23
955.15
1108.62
1710.13
1446.47
1772.74
285.19
1739.66
1699.07
1039.10
1109.03
759.18
1530.90
1190.23
1171.29
1241.34
1090.40
1573.51
1549.49
1024.29
1439.17
1605.95
1409.61
1589.58
1396.21
1790.92
1935.47
1103.81
1243.52
971.17
1595.95
885.75
670.22
1271.05
828.89
1925.66
1422.76
1045.20
1844.61
1135.70
1971.65
1324.57
1195.28
1359.32
777.97
1311.97
1314.20
1386.11
1835.61
833.77
1304.11
1462.81
1768.38
560.45
1474.64
1434.10
952.97
1880.04
1835.76
1160.61
1354.24
486.65
1669.39
1675.24
1378.45
1295.33
758.86
2056.09
1193.36
2039.07
1133.05
810.40
1974.00
1393.26
1530.15
1232.31
1570.52
1531.82
1301.43
1280.25
858.65
1364.50
1364.81
1211.68
1459.15
797.15
1407.27
1071.21
1332.58
1457.30
1670.84
1906.25
624.70
1313.09
1954.95
994.60
1655.58
1199.36
1738.72
1247.95
1218.58
1583.11
1638.95
1660.08
854.47
1200.68
2065.11
1756.53
1753.89
1411.66
1930.10
1795.04
2033.34
1597.98
1581.63
1600.90
1866.37
1490.58
1205.07
1435.93
1481.63
1336.46
670.10
1126.44
1864.35
1276.50
1674.32
1959.82
691.70
1577.33
855.87
1600.30
1875.44
405.16
1508.53
1412.72
1579.01
1648.20
1130.20
1369.74
714.60
552.08
1311.36
1806.76
1945.52
1862.13
1804.03
1431.27
1721.92
1738.67
1955.51
879.23
1793.36
553.87
903.89
1001.29
1500.68
1006.65
1602.52
1178.87
1609.24
1598.41
1731.61
1382.22
1437.38
1725.91
1288.14
1596.35
1917.91
1639.72
986.09
1238.47
1735.33
1302.20
1373.96
823.43
923.47
1565.81
1811.35
989.72
838.82
1163.83
1733.85
1426.08
1377.41
948.80
1801.39
1566.79
1607.16
1651.77
1449.28
1328.67
676.76
1421.38
911.31
893.98
1816.04
918.27
1300.24
1994.76
922.07
1296.82
1044.04
892.33
1089.51
1304.83
1584.88
1505.03
830.24
1523.27
1831.16
1456.78
1329.02
1724.89
1600.47
1898.79
1254.95
1089.65
1444.84
1738.79
1280.51
1310.14
1666.62
1142.20
495.98
1734.01
1629.27
843.75
1179.50
1225.99
929.99
1634.17
692.41
1317.74
1181.75
1626.14
1630.81
1718.92
1842.65
1443.60
1467.53
1715.44
1724.80
1692.00
1993.04
1905.07
1626.53
1687.70
1203.25
1509.02
1282.05
1257.83
1682.47
1313.15
1226.74
1706.25
697.77
1835.51
1170.43
995.86
1120.66
1973.36
1553.08
1503.64
1727.73
1414.98
1617.32
868.39
1431.68
998.82
1506.46
1718.77
1027.85
1424.47
1479.52
998.80
1223.41
877.39
1528.26
1853.11
805.98
1206.72
740.73
1645.31
542.30
1127.59
868.71
1435.02
1550.61
2011.86
2125.26
1348.15
854.05
801.97
947.00
1905.88
1637.34
1373.84
1420.85
1532.67
1270.40
1930.64
1620.74
1042.81
2035.35
2084.84
2022.71
1626.11
1570.86
832.30
1568.76
1201.27
1517.68
1510.96
975.74
520.99
1996.42
1452.44
820.80
1508.60
1621.22
1255.30
1605.25
1920.21
1020.82
836.58
1362.22
1745.17
751.35
696.81
605.07
1833.30
1683.52
1452.28
1873.72
1285.46
1974.58
1643.56
1408.77
1622.60
1982.97
1583.05
1301.17
1588.42
956.16
722.30
1523.36
1622.45
1665.96
1600.31
932.04
1874.38
1845.47
1745.49
1894.36
1716.38
1727.21
1428.94
2184.96
1782.11
1205.18
775.06
769.94
1708.89
1013.83
1672.02
1686.70
1486.19
1164.23
1408.27
1365.90
1511.73
792.17
1372.17
1824.27
768.89
1680.12
1037.55
1635.36
1514.48
1215.56
789.38
1541.33
1455.73
1542.67
1494.58
1262.77
1778.62
1352.70
1504.78
1418.61
1890.70
972.88
1815.89
1707.30
1572.87
617.72
596.58
1854.56
1063.16
820.31
1583.73
967.91
1707.94
847.99
1578.87
1814.11
1728.58
1564.03
1866.16
1800.03
1327.17
1462.06
1498.12
1553.06
1169.77
1120.31
1539.33
1365.18
1262.09
1634.81
1637.38
1297.51
1624.30
1718.28
622.37
758.75
1744.62
1502.66
1423.00
1742.86
1637.40
1200.27
1014.91
1649.06
1378.51
981.13
1888.51
1489.82
1843.61
1520.51
1723.66
1087.02
1495.46
1747.37
1704.89
2119.55
1012.09
612.89
1317.48
1507.86
901.40
752.79
1798.93
1185.40
1761.75
1255.06
1729.51
1848.40
1728.77
904.13
1509.29
1660.60
1118.88
715.43
588.22
1205.10
1853.25
1749.04
722.06
1379.50
1572.14
1720.91
1593.32
1948.43
1984.69
1790.03
1508.98
1980.79
974.21
1142.93
482.45
1705.94
1518.48
1322.16
1544.23
1640.98
2112.68
1842.21
1773.94
1473.89
1432.78
1498.01
1603.49
1977.87
1983.20
1420.81
781.10
1667.47
1479.58
1160.39
1419.11
1450.48
1883.76
1113.41
1059.22
1294.35
445.45
1579.92
1574.28
1670.27
1499.23
1223.11
1148.48
1358.70
1058.72
529.05
1606.88
874.14
1610.30
996.26
1871.90
544.20
1949.03
1831.77
1777.61
1629.11
1892.83
1303.33
1857.93
467.37
1287.28
2113.50
1021.32
1231.81
1517.23
1540.91
434.45
1460.19
1505.23
1295.49
1888.25
1896.49
364.68
1514.33
489.76
1629.97
1385.79
1633.10
1456.98
1743.56
2018.24
523.30
179.16
1400.67
1172.83
1228.15
1396.04
880.38
1761.50
855.71
1865.44
1539.22
776.13
775.32
1216.66
1699.77
1836.26
785.53
1642.51
1613.88
1104.44
623.25
729.66
1526.72
1254.99
1111.40
1453.99
898.06
1645.73
653.05
1249.23
1677.54
1620.35
2044.46
1662.75
1457.76
839.47
1720.73
760.63
1625.96
1174.34
1610.34
1311.51
1282.32
1490.14
1561.81
1603.12
1487.77
1939.76
1806.10
1875.71
858.01
1762.56
1336.53
1492.50
1951.72
1669.91
1705.22
388.41
1200.61
1321.91
1920.76
1434.90
1914.99
1718.35
823.02
1593.09
1696.27
1813.24
1048.95
1069.19
806.26
1526.55
2095.61
989.20
1830.82
1611.38
1252.01
693.29
1705.31
804.08
1489.58
565.84
1108.19
1133.19
1251.62
1855.96
2034.35
882.42
1727.98
887.33
702.94
1198.62
1197.09
724.06
1534.67
1802.15
1196.53
1546.77
1217.19
1302.84
1542.00
1519.26
1159.60
1300.81
1331.31
405.82
597.99
1591.61
1210.85
1167.86
1083.15
1376.06
1217.23
943.91
1778.13
825.51
933.68
1457.78
1584.55
1606.54
1117.80
1603.26
1647.82
1684.29
1469.05
1880.12
1399.75
1649.51
1793.67
1051.02
1759.79
1511.71
1784.76
1415.18
1268.93
1723.51
1390.40
1836.60
1968.07
1897.89
1907.91
1615.99
823.33
1592.03
644.89
1312.10
1470.76
1043.90
1699.92
1996.24
1838.27
2002.71
1393.21
919.26
1424.92
1722.82
1640.11
1806.49
585.98
1437.52
546.35
1423.69
2014.72
1556.50
1594.11
1014.26
934.30
1653.87
1415.60
1175.40
1507.66
1378.48
1922.95
1640.29
665.75
1222.45
1735.17
1298.06
1362.32
1516.99
1632.65
1123.79
722.36
251.87
1806.53
947.00
1713.63
1876.15
1593.57
1531.47
1959.70
831.28
1341.54
1489.74
1338.11
1286.49
715.00
1842.82
1634.93
1463.67
503.41
1142.27
1590.29
1572.65
1042.07
1858.42
891.60
772.16
1378.03
1266.25
1785.40
1448.02
1159.18
1968.04
2117.78
1846.05
1390.34
1104.83
639.29
1704.85
1469.29
1699.67
342.82
1753.52
1769.82
1712.68
1594.35
1804.71
1010.57
663.68
1762.69
1731.94
1647.36
1454.98
1199.00
1457.68
1066.59
805.75
1901.02
1072.07
1351.04
1417.07
1051.39
1060.30
1609.25
1953.93
1385.40
603.28
1472.26
1046.51
1627.39
1536.79
1251.83
1738.14
1519.24
1589.17
1969.06
1645.26
1096.72
1469.60
2150.71
1238.52
1584.37
1574.39
1143.25
230.39
1481.11
1080.82
1612.41
824.85
1421.20
1008.58
1262.71
1559.08
693.05
1372.33
1985.48
885.76
2167.01
987.88
1176.76
951.86
1683.05
1836.32
1382.46
1540.93
1293.38
984.49
757.40
1835.02
1197.75
1902.74
1722.71
1719.79
1128.49
1509.65
1494.41
1893.80
1215.45
1363.13
1691.20
779.24
1877.54
1899.79
1878.76
1825.65
1814.80
1110.91
1693.12
307.57
1424.46
1060.65
1383.00
788.43
2141.11
1355.08
1439.38
926.10
1949.49
961.52
148.89
977.82
1079.43
1910.09
2011.06
1795.77
1681.64
1859.21
1225.32
1644.81
1014.32
1218.39
1490.31
925.16
853.74
1727.45
1185.93
722.22
1447.18
1726.09
1438.97
1646.29
1837.04
1224.28
1983.55
1639.83
1519.75
1699.44
1436.46
1360.74
725.20
1088.38
553.36
1617.07
1639.73
1729.50
1530.80
1255.62
1335.71
1297.66
588.30
1788.64
1847.18
1508.95
1803.63
1581.12
1356.70
2115.40
805.50
1218.10
867.73
1717.26
1429.17
1000.89
1196.58
1853.28
1794.47
1635.59
1435.18
828.85
2009.53
911.75
1425.05
1535.92
1195.81
1490.93
1314.73
1432.42
1133.44
979.02
1973.26
1577.16
735.10
1767.49
1345.38
1726.57
589.65
1878.04
1483.24
517.17
1122.94
477.41
284.02
1455.70
1311.39
1431.79
1672.49
1490.99
1184.85
1795.23
2192.43
668.20
1589.82
699.69
1622.68
1476.23
1185.72
926.96
1785.46
1807.57
1484.91
1436.21
904.87
1114.66
1770.11
1422.23
1354.77
1221.76
1737.72
442.91
985.27
983.26
938.75
1810.54
739.45
1032.06
1875.61
1487.62
1278.72
420.40
1320.92
1080.20
562.07
1163.39
822.06
1629.17
1649.05
1862.77
1436.91
1721.85
911.95
1644.53
1827.67
1611.85
1562.46
2131.86
1229.56
566.41
1409.99
1248.64
2021.64
1832.89
1507.25
990.95
1750.15
825.12
1452.79
884.12
1822.44
1471.34
1227.10
1606.99
1668.96
2030.60
1633.33
124.92
1579.89
1725.57
1007.15
1055.13
1443.19
1559.81
1450.13
921.20
1880.14
1680.62
1636.82
2090.19
1974.25
1606.13
1317.47
1592.88
1626.98
1394.46
356.33
1630.86
1818.54
1377.75
1252.64
1716.11
624.30
612.65
623.17
1862.75
1287.92
